Engelberger/engelberger_dtm.txt
ncols         250
nrows         250
xllcorner     663000
yllcorner     179000.00000005
cellsize      100
NODATA_value  -9999
[rows 152 to 189 of 250, columns 86 to 171 of 250]
849 903 958 1023 1091 1136 1179 1261 1356 1473 1555 1596 1635 1676 1699 1727 1750 1785 1828 1835 1840 1850 1862 1886 1918 1940 1978 2050 2115 2139 2093 2046 2016 2001 2001 2009 2017 2039 2079 2077 2017 1975 1974 1964 1930 1883 1871 1887 1903 1926 1941 1951 1966 1986 2021 2051 2085 2119 2134 2145 2157 2165 2187 2218 2252 2271 2247 2240 2253 2256 2247 2235 2216 2200 2189 2185 2200 2233 2275 2314 2340 2370 2391 2417 2441 2466
824 874 937 1013 1077 1132 1190 1275 1346 1411 1469 1502 1539 1597 1613 1639 1667 1706 1757 1767 1794 1824 1839 1877 1924 1957 1971 2019 2076 2111 2082 2026 1981 1963 1957 1958 1956 1968 1995 1991 1951 1919 1907 1889 1853 1808 1793 1810 1842 1865 1885 1902 1920 1951 1987 2024 2061 2091 2110 2123 2138 2156 2177 2201 2227 2238 2217 2210 2220 2212 2204 2189 2174 2171 2174 2179 2210 2259 2308 2345 2377 2398 2432 2459 2471 2480
826 894 953 1011 1065 1128 1194 1265 1316 1363 1407 1438 1459 1496 1532 1553 1594 1634 1679 1711 1758 1804 1831 1857 1897 1929 1944 1985 2032 2081 2076 2025 1965 1943 1929 1911 1899 1895 1912 1916 1888 1851 1812 1764 1735 1731 1708 1734 1776 1817 1836 1855 1876 1904 1942 1983 2021 2045 2078 2095 2118 2139 2163 2181 2200 2194 2169 2158 2157 2155 2151 2145 2147 2160 2178 2196 2247 2302 2339 2372 2402 2431 2460 2478 2488 2493
850 909 962 1009 1062 1122 1173 1230 1281 1320 1363 1399 1419 1450 1481 1514 1549 1581 1617 1665 1724 1767 1799 1820 1856 1890 1917 1960 2020 2065 2055 1996 1940 1911 1894 1872 1854 1838 1846 1850 1814 1769 1709 1663 1636 1629 1621 1659 1710 1760 1785 1809 1837 1856 1904 1946 1991 2024 2053 2075 2103 2126 2136 2148 2157 2138 2117 2091 2092 2095 2118 2126 2137 2175 2203 2244 2288 2328 2361 2385 2427 2451 2466 2478 2500 2510
864 919 964 1013 1075 1113 1146 1206 1258 1300 1338 1387 1417 1440 1475 1509 1530 1550 1582 1632 1703 1735 1754 1781 1825 1868 1890 1948 2017 2040 2031 1970 1905 1866 1849 1833 1811 1792 1788 1787 1738 1675 1611 1580 1553 1536 1536 1581 1640 1694 1730 1764 1806 1845 1900 1938 1982 2018 2050 2075 2099 2101 2085 2090 2079 2072 2064 2061 2058 2075 2102 2127 2166 2213 2240 2275 2324 2365 2397 2420 2451 2463 2468 2479 2503 2523
896 952 989 1028 1088 1116 1144 1199 1263 1300 1338 1379 1416 1448 1483 1514 1529 1537 1563 1607 1680 1713 1727 1759 1804 1852 1869 1940 1986 2000 2001 1949 1876 1831 1812 1792 1771 1754 1736 1719 1664 1589 1536 1520 1497 1467 1456 1498 1565 1632 1685 1733 1793 1858 1906 1945 1982 2013 2039 2061 2078 2061 2045 2042 2040 2045 2054 2069 2072 2089 2131 2176 2217 2239 2265 2305 2351 2399 2425 2451 2465 2465 2475 2485 2511 2534
897 966 996 1042 1102 1125 1147 1190 1255 1296 1330 1367 1398 1433 1472 1501 1512 1531 1561 1586 1654 1686 1704 1740 1785 1832 1848 1906 1938 1955 1957 1915 1848 1804 1783 1765 1744 1720 1693 1664 1616 1546 1486 1457 1417 1388 1381 1419 1491 1577 1653 1713 1779 1850 1899 1947 1977 2006 2022 2036 2035 2031 2022 2049 2069 2076 2094 2109 2134 2147 2184 2221 2249 2277 2311 2344 2376 2411 2434 2457 2471 2479 2496 2506 2525 2545
873 951 1001 1033 1089 1123 1157 1194 1238 1277 1314 1346 1371 1404 1447 1474 1492 1525 1558 1580 1641 1667 1683 1722 1761 1804 1823 1873 1897 1912 1908 1872 1824 1776 1755 1737 1707 1674 1643 1613 1566 1501 1437 1366 1346 1335 1324 1356 1431 1531 1624 1697 1767 1842 1903 1936 1967 1994 2008 2016 2016 2029 2056 2099 2113 2120 2149 2185 2206 2214 2239 2262 2279 2311 2347 2379 2403 2413 2431 2457 2481 2497 2510 2515 2530 2548
856 921 985 1032 1072 1111 1150 1186 1219 1256 1294 1320 1337 1374 1426 1462 1484 1521 1553 1580 1637 1650 1669 1706 1739 1776 1804 1838 1861 1865 1855 1825 1786 1744 1727 1703 1655 1614 1575 1538 1496 1432 1378 1304 1294 1292 1283 1316 1393 1498 1600 1689 1764 1841 1887 1928 1955 1973 1988 2023 2021 2072 2107 2145 2159 2168 2232 2253 2270 2283 2306 2318 2328 2344 2372 2405 2413 2410 2428 2452 2475 2491 2500 2520 2539 2555
870 892 956 1016 1063 1100 1139 1175 1201 1234 1272 1297 1314 1362 1423 1456 1472 1515 1537 1575 1624 1630 1650 1687 1720 1751 1775 1800 1816 1811 1798 1771 1735 1703 1688 1660 1605 1545 1501 1475 1428 1367 1321 1268 1250 1252 1266 1304 1380 1488 1598 1703 1774 1824 1883 1934 1970 1987 2004 2097 2098 2182 2223 2267 2306 2321 2325 2324 2330 2340 2351 2363 2379 2399 2423 2428 2410 2407 2423 2449 2470 2489 2512 2549 2578 2608
923 888 935 997 1046 1086 1128 1162 1187 1213 1240 1272 1300 1359 1415 1441 1454 1500 1520 1568 1592 1596 1623 1668 1702 1720 1738 1766 1758 1743 1737 1720 1687 1665 1650 1620 1560 1505 1456 1425 1387 1310 1267 1233 1216 1236 1267 1308 1389 1506 1629 1744 1795 1851 1915 1980 2054 2093 2129 2183 2237 2274 2312 2353 2391 2406 2408 2391 2374 2382 2399 2412 2424 2450 2462 2461 2441 2446 2467 2501 2530 2558 2574 2602 2625 2648
967 908 927 987 1027 1068 1107 1143 1174 1199 1218 1247 1303 1357 1397 1410 1436 1477 1507 1544 1548 1561 1609 1648 1672 1693 1708 1722 1703 1684 1675 1662 1642 1621 1610 1584 1522 1466 1430 1390 1338 1266 1221 1196 1197 1218 1261 1308 1417 1556 1692 1802 1898 1965 2010 2059 2102 2168 2197 2230 2277 2311 2347 2385 2421 2447 2467 2437 2412 2418 2437 2449 2459 2477 2491 2500 2503 2522 2541 2569 2588 2601 2609 2622 2636 2632
966 910 937 991 1019 1049 1088 1118 1146 1174 1201 1236 1299 1345 1371 1378 1408 1452 1492 1513 1513 1544 1600 1629 1659 1672 1677 1668 1646 1632 1630 1618 1602 1583 1580 1560 1498 1432 1382 1351 1291 1221 1185 1175 1181 1196 1248 1312 1464 1642 1779 1860 1943 2024 2064 2091 2124 2174 2190 2215 2252 2277 2321 2359 2395 2433 2466 2458 2437 2431 2441 2459 2469 2484 2509 2525 2547 2571 2587 2593 2599 2610 2618 2627 2634 2582
933 930 971 1023 1043 1071 1090 1099 1118 1153 1187 1234 1286 1331 1348 1363 1392 1438 1469 1481 1498 1536 1579 1605 1628 1644 1637 1613 1593 1587 1592 1578 1559 1553 1560 1540 1480 1405 1337 1299 1242 1182 1157 1157 1168 1196 1266 1355 1529 1734 1832 1881 1940 2021 2063 2086 2124 2144 2158 2185 2214 2240 2275 2306 2337 2380 2425 2436 2439 2442 2442 2458 2477 2498 2523 2539 2559 2583 2592 2591 2592 2604 2612 2621 2623 2526
940 982 1021 1057 1089 1112 1122 1121 1126 1142 1179 1216 1268 1307 1325 1350 1382 1428 1444 1465 1500 1537 1581 1599 1605 1609 1593 1568 1542 1541 1548 1538 1526 1529 1530 1497 1434 1370 1301 1253 1201 1157 1141 1145 1175 1235 1324 1448 1613 1747 1793 1831 1890 1961 2008 2042 2079 2094 2121 2151 2180 2212 2245 2279 2305 2336 2377 2410 2419 2433 2451 2479 2503 2513 2522 2537 2565 2573 2575 2578 2581 2594 2602 2607 2589 2502
956 1015 1065 1090 1132 1164 1189 1187 1169 1166 1179 1210 1251 1291 1311 1335 1376 1410 1439 1466 1504 1549 1583 1590 1589 1577 1555 1531 1508 1502 1508 1504 1496 1503 1497 1442 1368 1315 1263 1215 1169 1143 1135 1147 1203 1292 1399 1518 1629 1694 1729 1755 1819 1881 1932 1981 2019 2054 2083 2111 2145 2180 2219 2246 2264 2283 2320 2355 2395 2415 2436 2467 2483 2489 2496 2526 2558 2559 2561 2562 2559 2562 2589 2593 2531 2463
964 1020 1083 1123 1158 1195 1224 1236 1209 1193 1197 1213 1249 1282 1305 1330 1363 1404 1450 1483 1502 1534 1546 1551 1549 1536 1513 1488 1480 1475 1477 1469 1468 1474 1443 1391 1293 1250 1218 1172 1140 1130 1141 1169 1243 1332 1428 1508 1577 1630 1664 1698 1741 1814 1860 1936 1994 2033 2063 2092 2124 2156 2188 2213 2235 2261 2275 2297 2329 2358 2392 2399 2431 2443 2480 2524 2543 2542 2549 2536 2526 2555 2604 2580 2487 2411
964 1011 1073 1125 1165 1198 1230 1253 1244 1227 1225 1233 1253 1285 1311 1327 1349 1392 1444 1471 1482 1492 1494 1497 1500 1490 1460 1437 1447 1451 1444 1432 1436 1433 1385 1333 1233 1190 1161 1132 1126 1140 1163 1197 1273 1343 1404 1464 1527 1577 1615 1669 1722 1775 1836 1912 1990 2029 2064 2091 2130 2161 2187 2204 2215 2231 2240 2255 2281 2297 2327 2358 2395 2439 2483 2517 2533 2531 2520 2501 2510 2567 2604 2559 2440 2351
952 990 1047 1105 1157 1187 1219 1249 1274 1280 1280 1272 1278 1300 1313 1317 1329 1358 1410 1436 1446 1452 1451 1454 1461 1452 1412 1385 1404 1414 1408 1397 1395 1388 1335 1279 1205 1150 1113 1111 1130 1155 1181 1214 1275 1326 1369 1423 1495 1547 1590 1648 1709 1777 1863 1948 2020 2063 2093 2138 2171 2199 2204 2202 2217 2229 2230 2238 2254 2285 2320 2357 2402 2455 2485 2503 2514 2502 2476 2471 2518 2571 2588 2498 2376 2279
935 966 1018 1077 1141 1173 1207 1233 1272 1302 1323 1317 1305 1300 1288 1289 1300 1323 1368 1387 1405 1412 1414 1420 1420 1409 1377 1342 1355 1369 1376 1367 1357 1342 1287 1231 1167 1120 1095 1105 1130 1161 1192 1218 1258 1297 1332 1380 1466 1533 1586 1652 1728 1819 1931 1984 2046 2107 2166 2213 2249 2272 2284 2279 2263 2241 2236 2237 2261 2298 2335 2375 2428 2468 2470 2471 2460 2434 2426 2464 2528 2580 2555 2440 2315 2210
897 941 998 1063 1122 1156 1186 1216 1246 1276 1305 1317 1307 1288 1260 1247 1260 1280 1317 1337 1355 1363 1372 1385 1374 1362 1342 1300 1303 1331 1340 1335 1320 1297 1242 1188 1130 1094 1085 1101 1128 1164 1198 1234 1291 1347 1363 1378 1440 1520 1591 1698 1794 1882 1977 2015 2122 2181 2230 2271 2300 2322 2337 2340 2322 2297 2286 2284 2311 2340 2349 2376 2412 2434 2398 2395 2388 2368 2396 2459 2533 2573 2514 2401 2263 2174
868 907 975 1045 1089 1131 1163 1188 1215 1242 1261 1290 1291 1266 1234 1216 1223 1228 1254 1287 1303 1318 1331 1336 1320 1312 1301 1263 1256 1286 1291 1289 1270 1245 1199 1146 1094 1076 1080 1098 1135 1180 1223 1269 1332 1398 1445 1455 1460 1508 1601 1718 1838 1952 2004 2106 2195 2253 2284 2301 2316 2336 2356 2373 2372 2351 2329 2321 2335 2326 2290 2296 2316 2325 2311 2310 2316 2334 2381 2449 2526 2554 2484 2364 2231 2156
880 896 952 1002 1043 1082 1126 1149 1168 1202 1224 1245 1248 1229 1196 1189 1198 1191 1192 1225 1239 1259 1280 1283 1267 1259 1246 1224 1213 1234 1238 1234 1214 1184 1149 1097 1061 1064 1082 1109 1156 1205 1257 1304 1376 1446 1492 1536 1539 1536 1623 1748 1898 1976 2042 2155 2259 2323 2347 2343 2338 2350 2368 2389 2396 2375 2331 2278 2248 2220 2200 2209 2230 2247 2248 2261 2295 2334 2388 2451 2530 2551 2462 2323 2220 2164
896 896 923 948 988 1021 1061 1093 1110 1141 1174 1184 1182 1185 1164 1161 1173 1159 1142 1159 1171 1179 1195 1206 1196 1192 1187 1174 1166 1173 1170 1172 1161 1133 1102 1058 1052 1070 1092 1137 1179 1231 1287 1342 1410 1487 1541 1588 1613 1604 1659 1777 1894 1961 2060 2182 2301 2384 2419 2407 2383 2378 2380 2382 2372 2335 2273 2203 2158 2133 2128 2152 2178 2212 2237 2268 2320 2379 2433 2475 2543 2579 2455 2303 2226 2190
908 909 917 928 957 985 1010 1034 1061 1095 1119 1132 1134 1146 1141 1141 1138 1124 1104 1095 1101 1100 1110 1114 1121 1125 1128 1127 1127 1122 1118 1120 1108 1089 1066 1046 1060 1083 1115 1161 1202 1259 1315 1387 1447 1514 1568 1619 1656 1669 1702 1800 1910 1963 2066 2189 2317 2414 2458 2443 2408 2381 2357 2329 2290 2237 2179 2130 2103 2099 2112 2147 2178 2234 2256 2303 2365 2424 2468 2505 2558 2577 2461 2307 2244 2225
923 928 936 938 955 992 1004 1026 1053 1083 1096 1100 1099 1108 1110 1112 1097 1082 1067 1057 1055 1053 1047 1050 1066 1079 1081 1089 1095 1086 1077 1077 1076 1061 1043 1040 1059 1095 1137 1185 1233 1285 1348 1418 1468 1528 1588 1635 1680 1720 1757 1811 1921 1993 2066 2184 2309 2411 2436 2410 2367 2325 2283 2236 2179 2124 2086 2078 2090 2114 2142 2180 2233 2273 2292 2340 2407 2445 2486 2525 2566 2590 2472 2325 2269 2250
943 955 958 954 957 996 1011 1037 1056 1064 1071 1071 1073 1081 1092 1078 1044 1043 1039 1022 1020 1027 1017 1024 1038 1052 1057 1065 1072 1068 1052 1049 1055 1043 1035 1038 1057 1104 1150 1205 1265 1324 1372 1425 1479 1537 1592 1644 1689 1744 1800 1839 1917 1994 2067 2165 2289 2376 2371 2329 2278 2232 2186 2133 2074 2026 2009 2038 2086 2136 2178 2221 2274 2302 2330 2368 2429 2475 2512 2550 2587 2594 2486 2348 2295 2273
961 976 981 983 969 974 1003 1034 1040 1045 1049 1045 1038 1043 1052 1039 1017 1010 1008 1004 1005 1011 1009 1015 1026 1034 1039 1044 1049 1052 1041 1032 1031 1030 1032 1036 1049 1096 1157 1222 1288 1354 1398 1442 1492 1540 1594 1637 1684 1742 1799 1851 1916 1990 2066 2136 2235 2314 2299 2248 2187 2140 2093 2038 1984 1947 1943 1989 2063 2137 2194 2244 2286 2334 2370 2411 2464 2510 2549 2579 2625 2619 2509 2379 2324 2290
986 989 1000 1004 1001 998 995 1010 1017 1025 1025 1016 1013 1006 1008 1011 1002 1000 1002 1003 1005 1006 1006 1009 1015 1022 1026 1028 1030 1031 1028 1025 1024 1027 1029 1031 1044 1083 1147 1224 1290 1344 1386 1426 1478 1524 1574 1619 1669 1720 1778 1839 1900 1983 2039 2101 2165 2223 2226 2184 2117 2063 2009 1950 1908 1886 1885 1934 2018 2109 2184 2246 2302 2365 2411 2446 2495 2544 2601 2632 2671 2654 2543 2423 2366 2331
1017 1007 1014 1016 1013 1005 1004 997 997 1001 998 996 997 999 1001 999 998 998 1001 1002 1004 1004 1004 1005 1008 1013 1014 1017 1018 1018 1019 1020 1022 1024 1024 1026 1035 1061 1121 1213 1290 1332 1361 1384 1430 1476 1523 1578 1640 1701 1768 1824 1871 1945 2001 2064 2120 2161 2181 2132 2056 1993 1928 1868 1838 1843 1839 1883 1976 2072 2154 2228 2291 2352 2400 2462 2498 2548 2619 2677 2702 2683 2566 2467 2406 2378
1049 1038 1038 1034 1034 1018 1005 1000 994 992 986 990 994 996 999 998 999 999 1001 1002 1002 1002 1002 1003 1005 1006 1009 1010 1011 1014 1019 1017 1018 1020 1021 1021 1025 1038 1090 1165 1251 1295 1331 1355 1379 1423 1478 1550 1613 1679 1742 1781 1834 1893 1956 2017 2071 2110 2144 2074 1989 1917 1849 1794 1799 1803 1794 1845 1952 2055 2127 2195 2257 2315 2364 2415 2475 2537 2614 2684 2699 2630 2556 2480 2410 2380
1081 1075 1079 1074 1066 1042 1027 1022 1009 997 983 988 991 995 998 998 999 999 1000 1001 1001 1002 1003 1003 1002 1005 1008 1009 1010 1015 1017 1015 1014 1015 1017 1018 1023 1027 1056 1109 1172 1227 1274 1301 1325 1365 1444 1531 1594 1648 1686 1718 1783 1869 1925 1967 2005 2035 2029 1982 1910 1840 1771 1718 1724 1725 1748 1818 1945 2062 2130 2178 2221 2271 2324 2381 2448 2514 2590 2647 2638 2570 2510 2434 2379 2338
1117 1108 1110 1105 1090 1072 1064 1057 1045 1023 1001 995 992 995 997 998 998 998 997 999 1002 1005 1006 1011 1010 1011 1009 1010 1010 1014 1013 1014 1016 1018 1020 1021 1024 1025 1032 1065 1111 1156 1197 1226 1272 1331 1415 1507 1565 1604 1625 1677 1737 1829 1877 1896 1935 1960 1933 1890 1829 1773 1723 1703 1698 1701 1710 1795 1933 2068 2154 2198 2226 2274 2335 2391 2447 2491 2561 2608 2571 2475 2398 2376 2352 2296
1158 1134 1134 1132 1114 1101 1088 1074 1069 1064 1037 1023 1018 1011 1002 1001 1003 1000 998 1006 1014 1023 1028 1037 1040 1042 1028 1013 1010 1012 1012 1017 1018 1019 1023 1025 1025 1026 1029 1044 1085 1124 1152 1187 1245 1310 1381 1463 1517 1547 1585 1646 1699 1762 1803 1834 1857 1861 1839 1803 1749 1722 1693 1672 1673 1678 1719 1772 1918 2061 2171 2233 2270 2329 2418 2454 2486 2494 2555 2581 2488 2347 2307 2303 2306 2265
1181 1158 1164 1167 1156 1150 1135 1117 1112 1114 1098 1084 1071 1054 1040 1031 1027 1021 1020 1038 1056 1066 1062 1060 1064 1074 1061 1042 1018 1012 1012 1016 1018 1021 1022 1027 1027 1028 1029 1038 1071 1106 1124 1152 1218 1287 1359 1418 1462 1492 1550 1614 1664 1696 1725 1771 1779 1781 1754 1729 1699 1675 1650 1635 1652 1673 1716 1777 1914 2056 2185 2257 2320 2396 2485 2520 2547 2544 2572 2525 2380 2281 2252 2235 2241 2236
1196 1181 1181 1192 1197 1195 1188 1184 1182 1188 1177 1162 1140 1116 1105 1094 1084 1073 1064 1093 1114 1117 1104 1097 1106 1111 1091 1072 1051 1019 1015 1013 1018 1020 1021 1027 1028 1030 1032 1035 1055 1081 1088 1118 1179 1250 1320 1362 1410 1457 1523 1586 1615 1630 1660 1706 1738 1715 1683 1672 1649 1634 1621 1624 1654 1694 1752 1826 1929 2057 2193 2254 2324 2404 2456 2527 2568 2567 2547 2427 2304 2237 2200 2180 2184 2191
1218 1198 1185 1193 1208 1219 1221 1226 1235 1242 1241 1237 1213 1200 1194 1183 1169 1162 1157 1171 1177 1170 1162 1157 1165 1162 1138 1103 1077 1045 1017 1015 1018 1019 1021 1026 1027 1027 1034 1034 1042 1062 1071 1087 1143 1209 1259 1308 1354 1415 1478 1530 1545 1565 1621 1671 1685 1659 1639 1625 1603 1601 1616 1648 1691 1743 1804 1871 1939 2061 2155 2213 2284 2358 2417 2484 2533 2532 2468 2336 2257 2196 2154 2136 2131 2135
1225 1210 1190 1189 1198 1205 1219 1239 1254 1261 1261 1266 1256 1245 1239 1245 1236 1232 1231 1231 1216 1219 1222 1227 1228 1220 1195 1164 1127 1082 1040 1019 1017 1019 1020 1022 1026 1029 1032 1035 1038 1046 1052 1065 1107 1157 1203 1255 1300 1352 1409 1460 1482 1520 1589 1635 1635 1611 1589 1583 1583 1601 1646 1697 1746 1798 1858 1923 1970 2073 2134 2173 2257 2327 2381 2425 2448 2441 2395 2301 2219 2157 2117 2097 2079 2078
