Engelberger/engelberger_dtm.txt
ncols         250
nrows         250
xllcorner     663000
yllcorner     179000.00000005
cellsize      100
NODATA_value  -9999
[rows 38 to 75 of 250, columns 86 to 171 of 250]
499 469 462 464 461 463 463 463 466 465 472 492 529 571 609 648 664 693 721 755 786 818 851 897 972 1036 1093 1157 1189 1205 1233 1266 1314 1361 1406 1452 1518 1566 1611 1630 1546 1486 1437 1381 1332 1283 1239 1215 1197 1192 1167 1136 1096 1086 1088 1077 1074 1064 1055 1042 1031 1004 974 982 1000 1028 1051 1078 1104 1126 1150 1169 1193 1196 1184 1178 1161 1145 1145 1165 1205 1227 1226 1215 1210 1205
541 501 471 466 463 464 464 464 466 468 472 488 509 550 597 629 665 692 716 750 780 806 839 895 966 1020 1091 1170 1231 1275 1316 1358 1397 1445 1497 1548 1605 1642 1674 1639 1552 1490 1438 1384 1333 1281 1239 1226 1219 1211 1195 1164 1128 1118 1112 1099 1100 1092 1075 1057 1046 1021 999 1016 1035 1060 1080 1104 1123 1141 1165 1183 1209 1213 1218 1235 1216 1212 1231 1267 1299 1320 1294 1258 1237 1226
571 541 500 474 463 465 465 463 467 471 470 476 492 540 583 617 658 686 710 744 778 810 841 895 964 1025 1098 1175 1252 1334 1395 1440 1477 1520 1578 1633 1678 1717 1718 1652 1572 1508 1451 1392 1333 1277 1243 1234 1231 1226 1217 1182 1162 1157 1145 1129 1124 1115 1097 1081 1065 1039 1022 1049 1066 1080 1104 1132 1164 1176 1187 1202 1219 1240 1278 1291 1257 1271 1290 1309 1356 1367 1309 1285 1275 1263
603 565 540 506 466 466 466 465 468 470 469 469 481 524 566 602 642 674 703 733 770 808 845 893 956 1017 1094 1180 1261 1338 1405 1468 1536 1579 1630 1682 1730 1766 1748 1682 1600 1533 1469 1403 1335 1280 1256 1243 1246 1251 1238 1208 1193 1190 1177 1161 1140 1135 1126 1109 1082 1051 1039 1073 1100 1114 1137 1163 1212 1235 1233 1243 1259 1302 1341 1323 1286 1294 1318 1339 1394 1405 1346 1297 1300 1301
655 602 576 548 489 469 466 468 468 469 469 470 476 509 559 602 634 667 696 725 762 799 838 890 947 1011 1096 1183 1263 1329 1395 1472 1546 1594 1643 1690 1731 1763 1768 1724 1641 1555 1491 1420 1342 1292 1274 1256 1267 1282 1265 1242 1219 1201 1192 1177 1160 1155 1144 1118 1090 1062 1050 1095 1132 1163 1181 1199 1246 1284 1303 1314 1334 1360 1375 1344 1299 1313 1339 1373 1435 1455 1391 1330 1326 1333
714 665 613 569 515 485 474 470 468 470 470 468 472 503 554 597 626 652 683 711 746 788 834 886 950 1018 1118 1197 1270 1329 1391 1459 1520 1565 1613 1656 1696 1731 1759 1752 1672 1579 1508 1433 1349 1312 1286 1276 1298 1311 1289 1268 1239 1213 1205 1198 1184 1172 1149 1118 1088 1059 1071 1123 1158 1196 1215 1229 1280 1336 1372 1387 1404 1424 1424 1379 1322 1322 1353 1401 1468 1501 1461 1372 1351 1364
790 723 657 607 555 520 492 476 470 471 471 470 475 500 549 586 610 637 668 694 728 777 834 885 963 1048 1144 1212 1270 1313 1371 1423 1485 1529 1571 1616 1656 1693 1727 1738 1677 1593 1511 1434 1358 1324 1295 1295 1318 1330 1309 1283 1260 1241 1224 1224 1208 1184 1158 1115 1082 1071 1100 1135 1177 1221 1240 1255 1309 1384 1438 1466 1477 1485 1469 1429 1373 1353 1383 1436 1504 1539 1508 1424 1386 1410
860 756 685 639 591 545 511 482 472 473 471 473 481 503 535 568 602 639 676 704 729 780 843 901 977 1076 1148 1203 1256 1309 1361 1400 1455 1510 1550 1580 1607 1642 1680 1694 1656 1584 1513 1430 1369 1337 1319 1311 1337 1361 1339 1314 1292 1275 1261 1249 1225 1193 1154 1112 1081 1090 1119 1153 1192 1230 1253 1277 1340 1416 1482 1523 1526 1533 1500 1473 1443 1416 1440 1487 1547 1579 1575 1490 1445 1474
891 769 713 666 620 564 518 484 473 473 473 475 482 497 521 552 590 631 679 713 742 797 858 928 1003 1088 1150 1207 1259 1321 1365 1404 1450 1500 1535 1545 1554 1584 1623 1646 1634 1582 1503 1431 1380 1348 1336 1333 1359 1388 1367 1338 1312 1292 1283 1263 1237 1193 1143 1108 1092 1113 1144 1176 1213 1240 1265 1295 1360 1440 1507 1559 1569 1571 1541 1503 1479 1486 1516 1558 1601 1629 1625 1560 1531 1543
943 770 734 683 635 577 523 482 472 473 473 474 477 486 503 532 568 619 670 706 748 807 868 950 1032 1099 1155 1213 1265 1317 1365 1403 1442 1470 1500 1509 1508 1529 1563 1597 1616 1577 1502 1439 1394 1372 1364 1369 1386 1398 1363 1333 1313 1298 1293 1270 1230 1181 1134 1110 1110 1141 1171 1196 1237 1265 1282 1312 1369 1448 1512 1567 1580 1588 1579 1541 1522 1542 1568 1600 1628 1652 1651 1616 1588 1578
1000 801 753 698 654 599 548 485 473 473 473 474 476 480 492 518 555 610 646 692 745 814 873 960 1037 1096 1144 1216 1260 1314 1362 1388 1407 1420 1443 1458 1465 1479 1514 1553 1588 1569 1507 1451 1418 1402 1400 1405 1422 1432 1397 1342 1323 1318 1310 1277 1226 1176 1137 1123 1138 1169 1201 1225 1268 1303 1311 1332 1377 1425 1480 1528 1561 1581 1585 1569 1562 1587 1611 1621 1635 1646 1642 1606 1574 1564
1018 837 768 716 674 622 572 497 474 475 475 476 477 479 496 522 555 601 634 679 738 823 884 973 1038 1087 1146 1208 1254 1311 1349 1359 1358 1361 1381 1394 1404 1437 1480 1522 1558 1562 1524 1486 1461 1439 1444 1453 1461 1477 1433 1377 1365 1367 1351 1300 1239 1177 1141 1148 1176 1204 1235 1253 1290 1339 1355 1373 1398 1422 1458 1496 1536 1568 1588 1589 1593 1620 1644 1651 1646 1641 1624 1568 1536 1528
1030 854 775 731 681 638 579 503 477 476 476 479 479 480 504 530 558 598 639 670 724 820 894 985 1045 1087 1143 1203 1253 1299 1325 1314 1295 1307 1326 1333 1355 1401 1458 1503 1542 1564 1545 1530 1508 1488 1499 1509 1517 1514 1458 1417 1418 1420 1407 1345 1266 1197 1159 1184 1220 1246 1263 1274 1313 1363 1406 1436 1455 1461 1466 1483 1529 1566 1590 1602 1619 1639 1658 1677 1662 1637 1605 1551 1504 1492
1003 854 773 722 678 649 577 509 479 477 477 480 480 483 506 534 559 589 624 664 707 804 910 995 1049 1094 1144 1200 1245 1284 1297 1257 1237 1245 1269 1298 1337 1404 1470 1503 1522 1534 1547 1575 1579 1557 1561 1576 1583 1558 1500 1463 1456 1444 1433 1380 1295 1231 1187 1214 1260 1286 1288 1306 1351 1402 1447 1483 1514 1507 1486 1494 1537 1577 1606 1622 1638 1651 1664 1665 1637 1604 1571 1530 1487 1469
951 844 778 717 668 635 572 513 482 480 479 480 483 485 500 531 560 588 620 677 712 770 927 999 1049 1106 1151 1192 1231 1251 1243 1201 1174 1193 1233 1278 1344 1418 1471 1473 1482 1496 1518 1570 1625 1631 1632 1646 1646 1608 1550 1502 1479 1465 1451 1409 1330 1266 1214 1220 1269 1296 1325 1353 1402 1458 1472 1501 1540 1541 1514 1514 1554 1609 1651 1658 1647 1643 1647 1622 1588 1554 1524 1493 1460 1448
922 847 782 727 670 623 571 522 486 483 481 482 484 490 499 525 560 597 629 691 726 771 889 998 1075 1128 1167 1199 1219 1215 1185 1141 1112 1146 1201 1271 1351 1414 1431 1428 1442 1462 1492 1535 1602 1662 1683 1697 1694 1660 1602 1542 1507 1486 1469 1436 1369 1312 1246 1219 1249 1299 1360 1397 1454 1508 1513 1510 1538 1557 1554 1542 1573 1637 1686 1704 1671 1640 1617 1578 1534 1507 1480 1445 1426 1415
908 855 787 731 672 623 582 534 483 484 483 482 489 497 503 522 559 597 635 687 726 781 855 976 1088 1146 1171 1196 1196 1171 1124 1086 1062 1116 1191 1285 1354 1387 1383 1393 1403 1423 1454 1503 1571 1644 1695 1715 1724 1708 1659 1588 1542 1509 1480 1457 1411 1353 1284 1243 1236 1286 1349 1404 1445 1501 1527 1516 1542 1574 1581 1573 1598 1646 1693 1714 1677 1627 1580 1532 1489 1463 1437 1410 1392 1378
863 823 771 721 671 628 590 540 488 485 483 486 493 500 507 518 555 586 639 683 717 765 834 921 1070 1138 1162 1180 1175 1140 1074 1032 1039 1114 1192 1276 1323 1337 1339 1363 1367 1383 1420 1492 1579 1649 1699 1730 1752 1748 1713 1648 1593 1565 1540 1505 1462 1390 1322 1283 1256 1264 1310 1362 1396 1428 1463 1482 1510 1542 1553 1562 1588 1627 1665 1685 1653 1600 1549 1501 1461 1437 1421 1408 1393 1374
827 792 752 708 670 634 598 545 497 487 485 491 500 503 511 524 548 583 627 667 700 740 794 871 1039 1114 1118 1133 1148 1095 1021 986 1034 1103 1179 1230 1248 1272 1295 1318 1331 1354 1400 1474 1611 1680 1709 1751 1769 1754 1729 1695 1637 1608 1595 1550 1481 1411 1357 1312 1274 1256 1281 1317 1354 1375 1404 1423 1455 1485 1511 1534 1564 1602 1632 1646 1620 1566 1525 1490 1463 1457 1471 1472 1465 1428
807 773 739 699 665 636 601 548 502 489 488 494 505 506 515 529 551 577 605 641 676 706 746 812 975 1020 1027 1043 1063 1017 962 968 1024 1077 1132 1168 1182 1211 1249 1283 1307 1340 1402 1476 1658 1715 1740 1765 1766 1749 1730 1701 1662 1634 1616 1574 1487 1419 1377 1334 1296 1275 1269 1279 1310 1340 1374 1392 1428 1454 1493 1521 1545 1566 1591 1604 1579 1538 1504 1491 1505 1537 1566 1587 1598 1538
790 762 726 688 655 631 595 545 503 494 490 493 504 510 521 534 551 573 595 624 646 668 701 755 865 903 931 944 957 931 931 962 999 1039 1073 1118 1154 1192 1241 1282 1303 1341 1416 1502 1650 1724 1750 1765 1761 1747 1738 1724 1687 1657 1632 1593 1508 1446 1406 1369 1329 1313 1301 1281 1288 1317 1347 1382 1415 1435 1471 1500 1520 1532 1551 1572 1548 1516 1500 1520 1560 1595 1628 1655 1685 1660
773 741 704 670 642 617 585 544 510 501 495 493 500 513 524 535 547 577 608 643 663 679 682 710 780 829 850 859 872 877 910 943 979 1014 1055 1110 1155 1203 1245 1271 1296 1341 1422 1512 1617 1718 1738 1749 1752 1747 1735 1730 1712 1695 1669 1636 1560 1489 1445 1405 1369 1354 1333 1307 1290 1302 1329 1357 1383 1408 1439 1470 1493 1506 1526 1545 1533 1513 1528 1559 1594 1627 1650 1675 1717 1712
752 716 686 658 624 601 577 544 519 510 502 496 496 508 517 525 539 573 608 649 687 724 740 744 762 805 808 813 833 853 894 950 988 1028 1083 1127 1157 1203 1232 1251 1284 1338 1413 1500 1589 1658 1713 1719 1726 1729 1711 1704 1701 1690 1673 1654 1613 1547 1479 1440 1404 1385 1362 1335 1315 1316 1327 1344 1368 1399 1431 1466 1485 1497 1513 1528 1539 1545 1568 1587 1613 1642 1657 1682 1709 1702
739 702 671 648 618 593 568 543 526 517 509 503 498 499 506 511 526 563 608 661 706 752 785 811 811 825 844 823 826 852 903 953 989 1031 1084 1123 1160 1196 1226 1241 1281 1327 1403 1481 1535 1573 1600 1630 1648 1649 1645 1642 1654 1640 1639 1633 1626 1593 1517 1467 1436 1412 1391 1372 1366 1382 1387 1401 1418 1446 1477 1503 1514 1519 1520 1537 1560 1583 1604 1616 1641 1667 1681 1696 1711 1684
725 688 659 641 615 589 560 545 531 523 515 510 502 496 497 501 517 557 612 703 743 779 818 852 851 858 876 879 874 870 903 944 977 1029 1069 1101 1154 1184 1214 1236 1274 1326 1379 1422 1466 1482 1497 1542 1575 1576 1573 1573 1571 1555 1581 1597 1606 1603 1557 1495 1466 1442 1432 1426 1431 1458 1471 1485 1492 1507 1523 1531 1537 1548 1557 1575 1601 1624 1649 1662 1678 1699 1708 1722 1730 1681
707 671 648 631 609 583 561 550 539 531 523 515 505 496 495 496 518 571 615 711 790 824 869 894 912 903 902 911 906 895 900 937 972 1016 1051 1080 1131 1164 1196 1226 1257 1302 1342 1375 1406 1432 1460 1494 1506 1504 1500 1507 1503 1508 1518 1540 1563 1590 1584 1535 1492 1477 1482 1486 1493 1514 1530 1538 1540 1542 1550 1554 1571 1593 1603 1623 1655 1678 1700 1713 1722 1730 1743 1759 1759 1701
689 658 639 618 600 579 566 555 544 535 525 514 505 496 494 496 515 565 618 695 808 862 902 944 965 950 946 946 932 929 912 924 965 1007 1046 1081 1113 1141 1171 1197 1232 1268 1301 1337 1369 1395 1419 1452 1464 1460 1452 1455 1455 1461 1464 1471 1505 1541 1574 1566 1528 1528 1538 1537 1547 1564 1576 1580 1580 1588 1596 1604 1618 1625 1636 1667 1708 1749 1764 1767 1774 1772 1780 1786 1790 1742
670 647 634 622 600 581 568 555 545 531 522 512 506 498 493 494 513 554 616 694 807 871 919 953 971 980 983 980 971 969 943 931 962 1004 1046 1088 1104 1123 1143 1165 1198 1231 1259 1299 1331 1362 1381 1401 1411 1412 1404 1404 1401 1408 1412 1419 1460 1488 1529 1558 1565 1583 1594 1602 1615 1621 1614 1609 1619 1630 1633 1645 1651 1657 1675 1702 1751 1806 1828 1817 1818 1820 1821 1828 1833 1796
679 661 655 638 612 596 573 555 545 528 519 513 506 498 494 497 524 565 622 685 797 876 922 952 976 994 1009 1011 1017 1015 982 967 961 976 1001 1048 1077 1092 1111 1140 1172 1200 1222 1258 1286 1321 1339 1351 1353 1355 1362 1363 1364 1373 1382 1394 1422 1447 1476 1518 1554 1590 1631 1665 1679 1678 1663 1645 1650 1656 1658 1669 1681 1698 1711 1727 1773 1836 1886 1876 1871 1866 1861 1872 1885 1865
712 682 667 650 629 613 589 565 542 529 518 513 505 497 496 501 528 575 631 694 804 883 922 955 990 1014 1037 1054 1062 1055 1027 1020 1013 999 991 1007 1033 1051 1078 1111 1146 1172 1191 1218 1247 1283 1306 1308 1302 1317 1342 1358 1379 1400 1407 1409 1412 1418 1435 1469 1512 1551 1597 1652 1696 1717 1716 1689 1674 1671 1686 1703 1724 1733 1733 1754 1784 1836 1903 1944 1939 1926 1919 1925 1942 1941
730 710 691 667 648 624 607 579 546 528 519 512 505 496 495 496 517 566 634 689 836 894 927 965 1005 1037 1066 1085 1097 1092 1068 1066 1068 1058 1047 1031 1033 1047 1061 1080 1114 1142 1162 1184 1204 1241 1269 1270 1270 1299 1338 1372 1410 1443 1451 1443 1427 1426 1449 1471 1506 1547 1574 1605 1646 1687 1723 1733 1701 1683 1699 1726 1742 1745 1755 1774 1798 1842 1899 1968 2005 1985 1979 1982 2006 2019
748 732 716 694 667 644 621 584 549 528 515 507 500 498 496 497 511 557 626 679 868 917 935 972 1015 1043 1074 1105 1124 1120 1100 1102 1108 1108 1104 1085 1074 1085 1083 1085 1102 1129 1145 1174 1195 1209 1226 1235 1249 1289 1354 1396 1427 1453 1462 1456 1455 1464 1484 1503 1523 1564 1597 1613 1629 1660 1688 1735 1734 1711 1728 1746 1754 1761 1771 1784 1811 1860 1915 1978 2047 2063 2056 2048 2068 2090
777 753 735 709 682 658 631 594 555 532 515 503 499 499 497 497 506 551 615 654 869 930 941 972 1009 1041 1072 1110 1140 1147 1137 1141 1145 1158 1163 1144 1134 1137 1139 1130 1134 1150 1165 1190 1214 1223 1223 1228 1244 1294 1361 1409 1431 1442 1463 1471 1491 1512 1523 1534 1552 1572 1598 1626 1648 1681 1708 1739 1761 1766 1776 1775 1773 1779 1787 1802 1830 1880 1940 2000 2081 2144 2144 2125 2146 2168
808 771 749 722 696 673 648 610 566 535 515 503 500 500 498 498 503 541 604 676 844 921 939 966 1001 1040 1074 1114 1144 1162 1177 1187 1189 1210 1221 1210 1206 1195 1191 1188 1191 1190 1188 1204 1232 1242 1240 1237 1248 1293 1363 1410 1436 1452 1468 1482 1511 1534 1553 1563 1576 1585 1602 1635 1668 1695 1726 1761 1805 1843 1843 1817 1799 1802 1814 1823 1844 1900 1969 2029 2103 2159 2160 2165 2180 2192
841 801 772 744 716 698 675 630 586 547 513 502 501 500 499 500 506 543 600 709 816 903 935 961 997 1037 1069 1101 1136 1170 1221 1244 1241 1251 1270 1272 1264 1240 1224 1237 1255 1255 1242 1238 1249 1251 1247 1249 1264 1305 1363 1408 1449 1474 1487 1501 1531 1556 1577 1591 1590 1597 1616 1650 1679 1706 1737 1781 1838 1903 1909 1870 1838 1827 1833 1849 1866 1917 1988 2063 2127 2150 2128 2124 2135 2135
884 851 829 813 766 749 709 661 608 564 513 502 500 501 500 504 514 552 603 699 794 868 906 933 971 1003 1037 1079 1120 1182 1250 1286 1299 1301 1307 1322 1320 1297 1273 1288 1315 1320 1296 1283 1283 1286 1272 1265 1281 1321 1375 1426 1480 1503 1517 1533 1556 1581 1608 1620 1617 1622 1640 1668 1696 1719 1742 1784 1852 1934 1966 1931 1893 1868 1858 1870 1888 1926 2001 2084 2142 2148 2117 2096 2093 2072
937 917 923 925 889 861 754 688 628 573 517 502 499 502 502 512 526 555 610 681 762 804 875 929 957 965 1000 1060 1111 1190 1250 1300 1340 1361 1365 1367 1378 1371 1347 1343 1352 1358 1347 1326 1322 1328 1317 1294 1306 1348 1403 1457 1503 1522 1543 1561 1579 1611 1637 1644 1649 1655 1667 1688 1714 1738 1757 1789 1846 1927 1988 1991 1956 1928 1903 1897 1899 1933 2007 2093 2134 2155 2117 2082 2048 2013
1000 986 1003 991 971 950 845 671 637 577 521 503 501 502 507 520 536 566 610 664 726 779 876 951 982 995 1009 1066 1124 1205 1275 1313 1356 1404 1423 1426 1420 1418 1397 1374 1380 1393 1397 1374 1365 1369 1366 1338 1344 1380 1434 1488 1527 1544 1564 1582 1601 1629 1656 1666 1673 1679 1692 1710 1731 1754 1775 1805 1845 1897 1962 2017 2026 2003 1964 1952 1921 1934 1999 2091 2130 2148 2092 2044 2005 1982
