Engelberger/engelberger_dtm.txt
ncols         250
nrows         250
xllcorner     663000
yllcorner     179000.00000005
cellsize      100
NODATA_value  -9999
[rows 0 to 37 of 250, columns 86 to 171 of 250]
900 910 911 895 861 824 791 754 715 677 648 615 580 550 507 468 446 443 440 439 437 438 438 436 436 435 434 436 434 431 431 431 431 431 431 431 431 431 431 431 431 431 431 431 431 431 431 431 431 431 431 431 431 431 431 431 431 431 431 431 431 431 431 431 431 431 431 431 431 431 431 431 431 431 431 431 431 431 431 431 431 431 431 431 431 431
898 892 884 837 791 757 718 674 642 617 591 558 532 495 454 440 441 440 440 437 434 437 436 436 436 434 436 434 434 431 431 431 431 431 431 431 431 431 431 431 431 431 431 431 431 431 431 431 431 431 431 431 431 431 431 431 431 431 431 431 431 431 431 431 431 431 431 431 431 431 431 431 431 431 431 431 431 431 431 431 431 431 431 431 431 431
817 795 777 754 724 687 643 605 566 538 523 498 464 441 443 441 438 438 436 437 434 435 433 434 436 435 434 434 434 432 432 431 431 431 431 431 431 431 431 431 431 431 431 431 431 431 431 431 431 431 431 431 431 431 431 431 431 431 431 431 431 431 431 431 431 431 431 431 431 431 431 431 431 431 431 431 431 431 431 431 431 431 431 431 431 431
714 668 674 664 661 628 592 553 508 480 465 449 440 439 439 439 436 436 434 435 435 434 433 433 435 434 435 435 433 433 433 433 432 431 431 431 431 431 431 431 431 431 431 431 431 431 431 431 431 431 431 431 431 431 431 431 431 431 431 431 431 431 431 431 431 431 431 431 431 431 431 431 431 431 431 431 431 431 431 431 431 431 431 431 431 431
655 617 603 608 590 569 538 503 466 448 441 441 440 439 438 438 437 439 436 436 437 434 433 434 435 435 436 436 433 433 433 434 433 433 432 431 431 431 431 431 431 431 431 431 431 431 431 431 431 431 431 431 431 431 431 431 431 431 431 431 431 431 431 431 431 431 431 431 431 431 431 431 431 431 431 431 431 431 431 431 431 431 431 431 431 431
582 558 545 544 526 510 487 459 445 440 438 442 440 439 438 438 438 437 437 436 436 433 434 435 436 436 436 437 434 434 433 435 434 435 432 431 431 431 431 431 431 431 431 431 431 431 431 431 431 431 431 431 431 431 431 431 431 431 431 431 431 431 431 431 431 431 431 431 431 431 431 431 431 431 431 431 431 431 431 431 431 431 431 431 431 431
522 500 494 493 481 466 449 445 443 442 438 440 440 439 438 439 439 438 437 435 436 434 436 436 437 437 436 438 436 435 434 436 435 434 431 431 431 431 431 431 431 431 431 431 431 431 431 431 431 431 431 431 431 431 431 431 431 431 431 431 431 431 431 431 431 431 431 431 431 431 431 431 431 431 431 431 431 431 431 431 431 431 431 431 431 431
467 458 457 456 452 446 443 444 443 442 439 440 438 439 439 440 439 438 437 437 437 435 437 437 437 436 436 437 436 437 435 436 436 436 435 432 431 431 431 431 431 431 431 431 431 431 431 431 431 431 431 431 431 431 431 431 431 431 431 431 431 431 431 431 431 431 431 431 431 431 431 431 431 431 431 431 431 431 431 431 431 431 431 431 431 431
447 445 446 445 446 446 443 444 441 441 441 440 438 438 439 440 439 439 438 439 436 437 438 437 436 436 435 437 438 438 438 436 436 436 440 435 432 432 431 431 431 434 431 431 433 431 431 431 431 431 431 431 431 431 431 431 431 431 431 431 431 431 431 431 431 431 431 431 431 431 431 431 431 431 431 431 431 431 431 431 431 431 431 431 431 431
446 445 447 443 445 444 443 444 442 442 441 441 441 439 438 439 439 439 438 437 437 439 439 437 437 438 437 437 439 440 440 440 440 441 444 444 444 443 440 438 437 439 439 440 442 440 440 436 431 432 431 431 431 431 431 431 431 431 431 431 431 431 431 431 431 431 431 431 431 431 431 431 431 431 431 431 431 431 431 431 431 431 431 431 431 431
447 446 447 444 446 444 445 445 444 443 442 443 441 440 439 439 440 439 439 438 439 440 439 438 439 438 438 437 438 439 444 446 449 454 454 455 456 455 452 450 448 448 450 449 450 448 451 448 444 442 432 431 431 431 431 431 431 431 431 431 431 431 431 431 431 431 431 431 431 431 431 431 431 431 431 431 431 431 431 431 431 431 431 431 431 431
446 446 446 448 447 444 445 444 444 443 443 442 442 440 440 441 440 441 440 440 440 438 437 438 439 440 438 436 438 442 448 458 461 466 470 470 472 470 468 464 461 464 466 469 467 466 463 462 457 452 443 435 433 432 431 432 431 431 431 431 433 433 434 433 433 434 432 431 431 431 431 431 431 431 431 431 431 431 431 431 431 431 431 431 431 431
447 446 446 446 447 446 445 443 443 443 443 443 442 440 441 443 442 442 441 441 440 440 439 439 442 446 446 445 449 457 463 470 475 481 485 489 491 490 485 486 488 490 493 490 489 485 479 477 474 468 463 456 447 443 442 442 433 434 435 437 441 443 443 440 438 440 437 433 431 431 431 431 431 431 431 431 431 431 431 431 431 431 431 431 431 431
447 444 446 447 446 447 446 444 444 445 443 444 444 442 442 441 444 445 443 442 442 442 445 447 454 460 464 464 468 474 482 484 487 496 501 507 511 510 510 514 516 515 518 516 515 508 503 497 495 490 488 485 477 473 478 465 449 446 448 449 452 454 453 450 447 446 442 439 436 431 430 431 431 431 431 431 431 431 431 431 431 431 431 431 431 431
446 444 446 447 446 446 448 448 446 445 444 443 445 443 443 445 446 446 446 446 452 454 456 459 466 473 480 487 495 500 500 502 503 508 518 525 530 533 541 542 545 545 542 543 542 537 532 526 520 515 513 510 505 510 519 499 479 468 463 462 463 464 463 460 456 453 450 447 444 438 434 432 431 431 431 431 431 431 431 431 431 431 431 431 431 431
446 445 447 448 449 448 449 449 446 446 445 445 445 446 446 447 448 451 454 456 462 464 471 477 485 487 494 505 513 515 519 520 518 525 535 544 551 555 562 570 576 580 578 578 581 578 569 562 554 550 545 539 534 539 544 536 527 508 481 476 476 477 475 468 462 459 457 452 448 443 439 436 432 431 431 431 431 431 431 431 431 431 431 431 431 431
447 447 449 450 449 448 447 448 447 447 447 447 446 448 450 454 456 459 466 469 475 481 490 495 502 501 506 514 522 526 530 532 533 540 551 562 571 577 581 588 595 602 608 613 619 617 612 599 593 593 593 580 565 558 556 555 558 537 495 492 492 491 486 477 469 468 466 462 455 450 445 441 439 431 431 431 431 431 431 431 431 431 431 431 431 431
448 447 450 452 451 449 450 450 449 448 448 450 450 451 461 471 473 475 479 486 493 502 509 508 513 515 518 526 534 539 543 548 550 553 565 580 592 600 603 610 619 630 636 642 649 651 655 645 636 629 624 612 595 581 571 568 572 555 512 515 507 504 498 489 479 480 477 473 464 458 453 446 441 433 431 431 431 431 431 431 431 431 431 431 431 431
449 448 450 451 451 451 451 452 452 452 461 471 474 470 480 487 487 490 494 501 510 515 519 522 525 529 533 539 546 553 556 563 570 569 581 596 612 623 625 635 650 668 678 689 700 707 709 697 677 663 652 639 628 613 600 585 581 558 533 545 528 518 508 507 497 491 487 480 472 467 460 453 445 439 432 431 431 431 431 431 431 431 431 431 431 431
449 449 450 452 453 454 457 457 456 459 483 498 503 498 501 503 504 504 504 509 518 525 531 535 537 544 550 554 560 568 575 582 588 583 594 611 632 647 656 676 697 721 742 757 761 766 767 749 715 700 688 679 664 653 643 624 600 554 553 557 540 530 531 537 523 503 497 491 482 477 469 462 454 446 439 433 432 433 432 432 431 431 431 431 431 431
450 452 452 454 455 459 468 464 460 461 486 502 501 497 499 502 506 507 512 520 529 538 546 551 553 559 567 571 575 588 595 600 605 604 612 629 653 672 684 712 745 779 809 829 833 831 829 811 789 755 747 732 709 686 685 668 613 561 566 558 549 545 559 565 547 520 510 504 496 490 483 478 470 462 451 443 441 444 442 440 436 434 431 431 431 431
452 450 451 453 455 464 475 469 463 464 480 491 487 488 502 512 521 521 527 533 541 551 559 566 570 574 583 587 591 605 613 620 625 622 631 654 676 696 710 732 774 819 865 910 949 940 915 893 874 838 805 780 749 700 694 672 617 584 584 577 571 577 581 588 562 533 521 517 515 508 504 501 495 487 479 471 467 466 462 457 452 447 441 438 437 437
452 450 452 453 454 460 476 474 467 466 471 477 490 509 527 535 543 545 549 555 556 562 572 580 587 591 600 605 610 621 634 646 649 648 661 688 721 742 751 760 799 856 912 965 1023 1059 1033 1017 969 918 879 841 797 742 704 662 626 617 605 596 606 614 608 591 563 551 539 536 538 532 529 527 522 518 519 517 507 496 488 480 476 474 465 455 455 456
451 450 452 453 455 458 475 478 470 466 471 489 512 534 545 553 560 565 567 576 578 580 588 596 602 611 616 624 630 637 652 665 674 696 709 739 766 785 805 801 831 895 955 1014 1084 1150 1131 1104 1058 996 950 913 869 809 746 683 646 641 624 623 629 634 618 589 580 586 577 569 570 564 561 554 551 547 556 569 559 532 522 524 513 507 497 488 486 486
452 451 452 454 455 457 465 467 467 475 496 519 536 548 561 571 576 580 585 595 596 596 605 611 619 627 634 644 649 657 674 692 713 742 756 783 801 820 852 860 872 926 986 1050 1125 1210 1225 1194 1127 1064 1027 987 929 855 780 722 666 654 643 651 655 651 623 602 612 624 625 622 619 613 611 602 596 585 597 617 618 579 573 587 568 555 550 532 521 525
453 451 453 453 454 456 458 462 478 492 516 534 546 557 572 582 588 596 602 610 614 621 628 630 635 644 654 664 672 678 690 718 742 784 801 823 842 871 902 911 912 953 1010 1078 1160 1255 1288 1264 1211 1162 1100 1046 974 880 797 749 690 674 664 668 675 663 632 627 642 658 666 676 665 665 663 658 654 642 654 665 660 627 633 652 628 609 605 573 575 579
453 453 453 452 454 456 457 463 485 506 523 540 557 567 580 594 603 611 620 630 637 640 637 639 649 661 672 683 694 705 712 739 767 801 835 863 890 920 947 958 958 993 1051 1122 1207 1291 1340 1327 1290 1190 1098 1044 998 890 805 752 715 715 702 704 701 671 642 654 673 688 695 713 709 718 713 710 712 718 719 722 717 686 685 709 683 665 675 652 648 634
454 454 455 455 456 457 458 465 490 518 538 552 566 576 588 604 622 635 649 659 668 663 658 660 673 684 689 703 719 736 748 775 808 824 859 902 933 958 977 994 1010 1044 1103 1182 1269 1351 1385 1336 1264 1163 1069 1010 971 882 804 756 747 742 734 740 721 689 661 678 697 709 721 746 758 770 763 756 759 770 769 772 770 744 726 743 733 720 726 720 716 697
456 455 457 455 456 457 458 461 483 512 539 559 573 583 596 611 631 651 667 680 691 692 695 701 714 714 710 727 750 770 788 817 858 870 879 924 970 993 1011 1036 1062 1104 1166 1245 1331 1418 1411 1326 1244 1152 1057 982 933 861 810 779 778 767 762 763 738 714 681 700 720 732 744 773 799 810 804 795 791 799 806 809 814 796 777 777 772 761 768 777 775 765
457 456 457 455 461 460 459 462 475 506 535 561 576 589 603 617 635 654 678 701 717 721 737 752 763 755 731 755 782 796 815 842 888 911 914 941 991 1026 1053 1078 1109 1163 1231 1314 1406 1472 1416 1333 1240 1148 1056 973 927 864 833 812 817 810 800 786 759 744 701 711 737 756 768 793 820 830 825 825 824 831 853 854 848 832 814 805 807 799 802 812 821 817
456 457 455 458 461 460 460 463 470 499 530 560 580 599 612 626 641 661 690 714 729 746 770 794 810 795 763 780 808 823 838 865 910 941 958 974 1005 1049 1085 1115 1152 1218 1292 1390 1472 1472 1398 1327 1246 1147 1068 975 929 890 860 851 855 850 836 805 784 781 738 723 751 775 795 824 849 852 852 855 858 877 898 893 875 856 845 839 843 833 837 848 860 864
455 456 458 458 458 459 461 462 466 490 527 559 578 601 622 633 646 669 696 720 738 761 794 824 847 829 810 811 829 854 871 897 931 967 1000 1028 1053 1088 1122 1157 1199 1277 1358 1466 1488 1439 1375 1311 1241 1160 1083 993 936 916 885 888 887 879 860 828 813 812 792 752 771 804 822 853 872 879 887 895 902 919 928 920 899 880 879 872 881 875 879 888 898 914
455 456 457 459 459 460 461 463 465 483 522 553 569 595 621 636 654 679 700 718 733 756 789 829 865 865 858 845 854 888 908 936 965 998 1037 1075 1111 1143 1177 1211 1260 1337 1466 1510 1472 1407 1347 1284 1217 1141 1070 998 945 928 924 926 925 913 892 861 846 844 828 788 797 836 855 873 894 913 929 934 943 958 963 950 930 905 899 897 906 917 926 928 939 959
457 457 456 458 460 461 462 464 469 484 511 538 549 573 600 630 657 683 691 702 722 747 776 813 857 890 895 880 886 923 943 979 1009 1036 1074 1120 1165 1206 1241 1279 1335 1414 1511 1491 1437 1379 1319 1261 1188 1114 1053 997 961 949 946 955 957 943 919 889 877 878 871 811 820 867 889 898 924 951 970 983 993 1005 1009 987 961 938 927 931 947 961 974 972 984 994
457 456 457 459 460 460 462 465 470 482 498 529 555 576 581 613 643 661 672 706 744 781 809 828 863 902 924 917 930 963 989 1019 1052 1085 1127 1168 1219 1268 1316 1359 1413 1466 1494 1455 1412 1366 1300 1245 1163 1089 1047 1013 982 962 960 976 990 978 952 924 908 904 886 836 861 903 923 931 956 980 1009 1031 1041 1043 1040 1029 1003 982 970 979 996 1009 1016 1013 1018 1023
459 459 460 460 460 461 461 466 466 472 483 526 573 604 600 607 626 647 687 730 777 816 848 877 909 944 966 974 985 1011 1040 1068 1107 1151 1200 1232 1274 1322 1392 1456 1499 1497 1482 1438 1373 1334 1292 1249 1160 1100 1065 1035 1012 990 984 999 1009 1002 988 967 947 937 906 873 904 941 960 970 990 1024 1068 1091 1096 1082 1064 1059 1050 1037 1026 1028 1039 1040 1041 1048 1051 1055
463 461 460 459 459 462 463 465 465 464 469 511 565 611 636 647 657 682 724 759 793 821 854 893 943 998 1035 1052 1048 1066 1091 1122 1164 1210 1262 1308 1347 1394 1482 1544 1566 1517 1456 1380 1354 1321 1288 1235 1157 1115 1089 1067 1040 1021 1018 1024 1024 1020 1009 999 984 965 929 911 938 971 998 1011 1037 1081 1121 1142 1150 1135 1104 1084 1082 1074 1059 1063 1076 1072 1074 1089 1097 1098
472 459 461 460 460 462 464 464 466 463 469 497 545 594 628 659 679 702 731 760 788 819 853 894 963 1028 1081 1115 1124 1136 1155 1186 1234 1282 1332 1378 1431 1488 1542 1593 1561 1494 1443 1395 1342 1300 1259 1216 1171 1153 1131 1101 1066 1055 1057 1051 1044 1037 1030 1021 1011 986 951 946 967 996 1026 1048 1082 1116 1143 1161 1174 1174 1150 1119 1112 1097 1086 1091 1102 1109 1125 1149 1164 1167
