Engelberger/engelberger_dtm.txt
ncols         250
nrows         250
xllcorner     663000
yllcorner     179000.00000005
cellsize      100
NODATA_value  -9999
[rows 114 to 151 of 250, columns 0 to 85 of 250]
627 635 648 650 648 646 636 651 688 716 740 766 790 795 804 803 808 817 826 840 858 885 896 920 971 1034 1082 1118 1176 1239 1310 1347 1369 1371 1370 1396 1434 1465 1479 1484 1514 1607 1682 1742 1778 1784 1800 1816 1859 1907 1921 1882 1834 1792 1745 1721 1721 1727 1717 1698 1687 1663 1612 1565 1511 1467 1440 1416 1383 1360 1336 1300 1248 1195 1141 1103 1074 1032 966 886 830 739 652 576 548 559
642 652 664 662 653 640 631 653 694 716 742 775 795 805 804 805 810 820 833 846 867 896 924 962 1026 1081 1108 1167 1244 1308 1357 1385 1414 1430 1432 1459 1505 1517 1512 1516 1547 1608 1685 1765 1835 1857 1879 1890 1911 1938 1917 1861 1815 1782 1745 1726 1730 1734 1729 1708 1690 1648 1580 1523 1458 1400 1376 1351 1322 1286 1260 1236 1188 1134 1091 1060 1021 987 933 876 814 727 643 570 551 573
653 662 669 667 654 623 647 676 706 729 758 786 796 805 800 802 811 823 837 852 876 911 948 986 1041 1100 1169 1243 1312 1360 1408 1445 1473 1499 1507 1532 1578 1580 1564 1563 1579 1617 1680 1750 1834 1905 1937 1955 1961 1953 1900 1834 1788 1760 1737 1732 1739 1744 1738 1706 1674 1622 1550 1498 1436 1373 1329 1298 1266 1226 1193 1167 1125 1080 1036 990 946 917 886 847 794 719 637 568 560 593
654 660 663 669 656 619 666 695 729 744 762 786 793 796 794 801 810 826 846 866 898 943 987 1016 1054 1145 1219 1281 1346 1396 1457 1502 1540 1576 1595 1616 1642 1648 1629 1613 1618 1641 1693 1744 1814 1896 1947 1985 1992 1954 1882 1812 1773 1751 1743 1749 1753 1747 1725 1687 1649 1602 1540 1496 1440 1387 1340 1298 1255 1196 1153 1129 1091 1036 984 951 907 868 838 800 758 690 618 562 569 600
653 658 670 677 665 641 684 716 747 763 761 779 789 788 791 801 818 841 868 897 933 986 1033 1079 1136 1216 1248 1284 1340 1404 1473 1537 1590 1636 1681 1701 1709 1725 1705 1682 1675 1686 1721 1755 1808 1878 1939 1985 1995 1960 1885 1816 1775 1759 1766 1767 1759 1739 1712 1679 1642 1611 1568 1510 1458 1419 1387 1330 1275 1215 1168 1146 1100 1043 1002 980 938 896 853 787 718 641 585 558 568 608
659 665 674 675 672 645 681 726 754 777 772 768 775 780 789 805 842 872 901 936 977 1028 1079 1156 1228 1277 1307 1318 1342 1397 1454 1523 1580 1637 1705 1751 1773 1812 1803 1772 1741 1742 1755 1774 1814 1863 1917 1965 1997 1977 1908 1832 1790 1788 1798 1794 1775 1747 1715 1673 1642 1623 1595 1545 1511 1480 1434 1366 1313 1271 1221 1186 1142 1100 1075 1055 1010 981 860 764 674 604 574 561 579 613
660 665 676 683 691 665 657 700 747 779 776 768 774 782 799 820 863 903 943 981 1025 1075 1144 1230 1292 1341 1374 1386 1387 1413 1460 1523 1579 1631 1687 1741 1786 1843 1879 1861 1825 1805 1793 1809 1836 1865 1898 1943 1991 1991 1916 1842 1812 1816 1825 1824 1797 1762 1713 1679 1657 1631 1617 1595 1589 1529 1452 1388 1359 1358 1321 1244 1217 1175 1135 1085 1015 936 802 713 637 579 563 564 594 617
662 672 691 696 705 695 652 680 741 771 767 767 781 796 827 852 895 941 980 1023 1084 1155 1220 1271 1331 1387 1438 1469 1468 1476 1519 1583 1644 1690 1717 1749 1793 1826 1885 1917 1902 1866 1836 1847 1872 1898 1918 1958 2001 1995 1901 1849 1834 1838 1850 1840 1821 1777 1732 1714 1694 1680 1696 1683 1646 1578 1491 1421 1411 1430 1397 1307 1269 1213 1145 1034 923 821 750 677 614 566 557 570 598 618
670 683 702 709 716 695 656 686 745 756 760 772 791 820 857 886 925 971 1016 1082 1163 1234 1283 1316 1366 1417 1477 1523 1553 1573 1608 1656 1715 1771 1795 1805 1828 1835 1869 1918 1959 1927 1898 1907 1935 1951 1968 2008 2021 1968 1909 1862 1852 1868 1894 1893 1857 1820 1796 1766 1751 1760 1758 1737 1669 1602 1531 1463 1463 1441 1375 1306 1251 1187 1086 954 855 781 714 653 601 561 559 575 597 615
682 700 714 721 721 681 656 705 744 748 767 788 811 845 885 919 962 1014 1088 1173 1245 1298 1341 1381 1421 1461 1506 1565 1628 1664 1683 1718 1769 1816 1838 1835 1859 1868 1880 1930 1973 1964 1941 1938 1950 1969 2001 2019 2024 2007 1929 1870 1869 1904 1947 1939 1887 1867 1845 1818 1798 1798 1791 1727 1640 1571 1506 1460 1438 1396 1338 1269 1202 1132 972 882 809 745 684 629 580 562 563 582 597 607
712 726 728 725 708 670 667 712 736 755 788 810 836 871 917 966 1025 1107 1172 1245 1306 1361 1404 1442 1481 1513 1549 1604 1664 1705 1750 1780 1802 1796 1793 1795 1829 1850 1884 1923 1931 1917 1899 1893 1903 1929 1935 1964 1991 2009 1953 1886 1894 1941 1970 1933 1906 1900 1879 1860 1831 1813 1780 1685 1597 1518 1456 1404 1359 1334 1288 1217 1133 1030 900 836 773 709 655 603 568 563 568 584 594 598
735 732 729 728 698 666 678 711 742 776 806 835 870 910 962 1052 1129 1184 1232 1299 1363 1420 1463 1487 1522 1556 1572 1599 1640 1677 1735 1773 1765 1731 1717 1725 1751 1795 1842 1868 1860 1837 1840 1839 1856 1854 1860 1903 1960 1997 1977 1930 1949 1969 1950 1928 1921 1922 1923 1895 1838 1775 1695 1618 1540 1475 1419 1360 1311 1270 1224 1150 1052 942 867 799 745 683 624 577 566 566 573 581 589 593
735 731 731 732 705 668 679 724 770 805 829 867 909 964 1054 1131 1190 1245 1295 1349 1407 1451 1492 1520 1524 1524 1530 1547 1588 1647 1702 1747 1709 1666 1648 1664 1703 1747 1786 1792 1789 1765 1742 1755 1736 1772 1801 1875 1928 1981 2020 1988 1973 1962 1946 1939 1943 1947 1934 1881 1803 1717 1644 1579 1495 1443 1386 1330 1267 1203 1136 1066 985 902 836 774 716 651 595 572 573 567 573 579 584 589
738 737 739 736 708 666 690 740 794 813 849 901 958 1049 1127 1175 1230 1288 1328 1380 1429 1464 1493 1495 1480 1467 1471 1500 1564 1636 1700 1695 1643 1602 1584 1601 1656 1692 1709 1708 1722 1693 1675 1654 1677 1739 1785 1845 1888 1947 2008 2009 1981 1969 1968 1966 1960 1938 1894 1846 1769 1691 1617 1541 1462 1395 1344 1286 1220 1131 1057 995 938 867 804 747 688 627 593 580 579 568 569 575 580 587
750 749 747 745 722 673 691 740 800 826 875 931 1026 1134 1167 1208 1255 1293 1322 1377 1424 1446 1453 1439 1420 1408 1427 1480 1546 1611 1666 1626 1575 1538 1516 1538 1592 1617 1638 1657 1658 1628 1594 1605 1642 1708 1762 1805 1859 1924 1973 1998 2008 2004 1980 1956 1933 1903 1858 1805 1734 1668 1591 1509 1437 1362 1293 1226 1162 1085 1017 954 897 841 782 731 680 632 604 585 577 570 569 572 575 582
768 761 756 753 733 679 698 741 801 844 914 1000 1095 1137 1164 1196 1227 1264 1304 1340 1365 1394 1396 1378 1359 1366 1404 1457 1534 1597 1625 1562 1509 1482 1453 1485 1524 1547 1577 1592 1583 1568 1537 1568 1618 1662 1706 1760 1823 1887 1943 1996 2039 2023 1959 1918 1897 1861 1810 1748 1690 1633 1559 1480 1407 1321 1243 1162 1089 1045 1001 924 874 822 769 730 682 635 606 588 576 571 571 572 574 584
786 784 774 768 737 688 711 757 799 850 923 989 1057 1093 1111 1140 1178 1221 1261 1289 1300 1317 1329 1315 1308 1332 1384 1452 1522 1570 1566 1513 1456 1431 1406 1431 1456 1493 1535 1537 1515 1506 1485 1525 1576 1616 1662 1727 1788 1855 1927 1994 2043 2006 1931 1881 1852 1810 1763 1696 1635 1578 1511 1440 1362 1277 1197 1097 1021 994 974 906 864 811 764 731 678 621 602 592 581 574 574 575 580 609
804 807 803 788 752 713 706 749 792 840 895 954 1002 1026 1049 1085 1126 1160 1199 1234 1251 1269 1269 1255 1268 1311 1372 1448 1500 1515 1501 1464 1412 1377 1360 1386 1416 1467 1493 1476 1453 1438 1435 1486 1536 1590 1635 1691 1757 1829 1899 1960 2017 1984 1907 1845 1813 1769 1717 1648 1578 1512 1455 1392 1318 1244 1163 1068 965 941 924 884 834 798 761 731 670 622 609 598 588 576 578 586 617 663
840 852 858 834 799 761 712 726 763 805 860 916 945 961 988 1029 1065 1101 1138 1182 1211 1219 1215 1201 1240 1307 1370 1432 1461 1455 1435 1411 1370 1315 1317 1355 1404 1441 1432 1410 1387 1364 1381 1442 1501 1549 1613 1672 1735 1802 1867 1930 2003 1990 1904 1822 1784 1737 1666 1603 1529 1454 1397 1346 1292 1235 1156 1030 955 909 875 841 801 772 742 707 663 636 620 603 595 581 579 603 653 706
897 916 919 901 857 817 764 725 732 761 821 871 885 898 927 965 1004 1045 1087 1132 1163 1170 1161 1170 1219 1286 1352 1398 1408 1398 1378 1356 1312 1257 1264 1326 1377 1384 1368 1346 1321 1314 1353 1403 1474 1527 1596 1666 1728 1787 1858 1927 1993 1974 1925 1818 1770 1723 1645 1571 1503 1460 1408 1383 1334 1239 1127 1028 978 932 868 825 784 754 736 707 673 647 627 609 596 581 586 624 683 744
967 972 960 933 893 866 830 770 732 738 778 815 826 835 863 901 947 992 1035 1079 1112 1123 1112 1149 1193 1244 1309 1351 1352 1343 1325 1307 1259 1207 1228 1295 1326 1319 1307 1286 1281 1334 1391 1429 1475 1532 1590 1651 1712 1780 1849 1926 1990 1990 1938 1857 1790 1740 1641 1589 1552 1524 1475 1443 1353 1205 1092 1028 995 941 897 865 810 748 725 704 686 658 627 609 597 584 598 643 711 793
1035 1035 1005 964 934 917 887 839 794 765 757 777 782 777 802 841 890 934 981 1027 1057 1067 1076 1120 1165 1201 1256 1304 1299 1289 1273 1252 1213 1171 1203 1251 1268 1252 1239 1224 1291 1361 1424 1487 1518 1569 1630 1689 1745 1819 1879 1948 2012 2002 1947 1888 1797 1735 1693 1651 1616 1536 1467 1410 1315 1204 1104 1047 1006 959 922 874 810 738 708 695 680 653 624 609 596 593 622 682 760 852
1106 1108 1064 1018 992 972 933 901 866 835 800 800 801 780 766 788 843 883 925 974 1003 1020 1047 1089 1136 1163 1214 1254 1258 1242 1222 1193 1163 1135 1161 1188 1191 1188 1205 1250 1320 1380 1443 1512 1575 1602 1648 1716 1788 1855 1920 1993 2048 2017 1948 1866 1775 1691 1621 1592 1555 1479 1415 1354 1289 1206 1126 1064 1028 980 919 847 794 726 691 682 662 639 618 606 595 605 659 732 812 897
1160 1165 1131 1083 1051 1017 985 957 933 896 863 862 863 832 785 761 807 849 886 924 957 985 1016 1061 1101 1129 1181 1209 1213 1198 1172 1141 1101 1084 1113 1130 1146 1167 1226 1298 1357 1405 1469 1531 1607 1655 1670 1715 1778 1858 1931 2018 2052 1992 1913 1828 1753 1647 1555 1515 1478 1418 1360 1297 1234 1174 1115 1062 1021 969 891 810 765 718 682 666 650 636 619 606 597 610 683 756 842 927
1196 1227 1202 1152 1111 1071 1043 1017 997 959 934 930 925 892 836 781 783 831 863 889 920 955 985 1031 1062 1096 1153 1171 1165 1150 1124 1098 1047 1063 1100 1139 1176 1223 1269 1335 1392 1451 1501 1561 1633 1696 1720 1746 1793 1860 1937 2012 2016 1949 1876 1800 1715 1603 1511 1455 1413 1369 1319 1262 1193 1138 1084 1046 1008 965 883 809 761 726 684 655 639 628 615 602 597 611 685 763 855 954
1233 1291 1277 1225 1181 1140 1107 1079 1056 1018 992 976 962 936 892 827 777 808 833 859 896 926 963 1004 1023 1066 1117 1135 1119 1106 1080 1047 1030 1078 1135 1176 1233 1287 1327 1362 1415 1481 1535 1598 1669 1727 1773 1803 1848 1906 1978 2009 1982 1908 1833 1750 1664 1569 1496 1432 1379 1335 1290 1245 1183 1126 1084 1076 1044 997 904 843 791 749 691 647 632 617 606 598 598 615 685 766 867 972
1263 1324 1344 1303 1251 1214 1178 1143 1114 1069 1046 1029 1004 973 934 874 809 785 804 825 854 899 940 977 995 1034 1075 1087 1071 1050 1011 1001 1020 1082 1146 1209 1277 1338 1383 1411 1442 1499 1565 1634 1700 1760 1822 1874 1921 1971 2000 1988 1941 1872 1790 1709 1635 1559 1498 1427 1371 1325 1279 1239 1194 1148 1128 1129 1100 1049 928 873 819 765 719 657 625 612 603 598 603 618 690 777 890 988
1296 1334 1383 1376 1328 1293 1257 1218 1161 1117 1094 1069 1042 1019 978 924 859 802 777 783 820 872 924 945 966 1021 1039 1034 1014 989 979 1006 1062 1124 1187 1242 1309 1371 1419 1463 1499 1543 1606 1670 1734 1795 1854 1897 1930 1968 1970 1933 1887 1827 1750 1669 1609 1549 1497 1429 1376 1342 1305 1268 1230 1207 1183 1165 1154 1113 945 890 835 786 755 681 621 606 603 600 608 625 701 786 894 1001
1348 1358 1395 1435 1423 1383 1335 1285 1227 1185 1164 1118 1078 1042 1016 973 910 847 805 786 792 832 899 916 942 992 1005 996 963 944 979 1039 1107 1169 1234 1295 1349 1400 1456 1513 1564 1610 1658 1713 1756 1794 1831 1849 1875 1914 1907 1857 1821 1766 1698 1631 1578 1524 1474 1419 1384 1365 1343 1312 1281 1257 1219 1193 1195 1128 955 891 834 806 790 723 660 607 605 603 606 630 697 748 917 1066
1345 1385 1417 1460 1483 1458 1389 1348 1307 1284 1244 1194 1131 1078 1037 1006 956 893 839 825 802 803 860 888 913 950 964 953 923 941 1009 1083 1147 1213 1278 1353 1406 1457 1501 1544 1590 1633 1666 1694 1720 1743 1771 1790 1818 1849 1838 1786 1754 1702 1646 1593 1543 1487 1440 1404 1381 1364 1346 1322 1297 1277 1233 1210 1195 1067 953 883 838 831 834 786 747 641 603 605 604 619 680 745 961 1043
1315 1373 1434 1487 1522 1500 1453 1413 1380 1367 1343 1284 1202 1139 1074 1025 980 929 874 855 835 802 814 851 879 898 908 905 920 984 1060 1131 1191 1250 1311 1389 1449 1481 1502 1520 1546 1589 1616 1636 1660 1684 1715 1737 1767 1797 1782 1725 1699 1648 1601 1551 1503 1456 1412 1379 1354 1338 1321 1303 1282 1264 1231 1199 1156 1036 955 885 851 843 852 845 838 746 617 610 607 608 657 722 936 1016
1303 1372 1447 1510 1561 1562 1506 1461 1451 1444 1412 1361 1288 1204 1127 1063 1006 952 907 887 868 829 796 812 841 861 885 912 961 1024 1099 1167 1217 1268 1320 1385 1429 1439 1449 1462 1490 1527 1551 1571 1591 1626 1663 1693 1724 1762 1767 1682 1648 1603 1558 1514 1479 1428 1380 1342 1319 1304 1283 1264 1249 1236 1210 1170 1097 1023 955 879 867 856 849 853 853 788 633 616 613 615 649 715 892 980
1314 1384 1456 1522 1586 1619 1568 1531 1527 1501 1445 1380 1311 1236 1167 1102 1039 974 945 926 899 866 825 798 815 853 908 951 996 1048 1119 1173 1215 1250 1290 1337 1372 1378 1389 1412 1436 1469 1496 1520 1552 1589 1622 1666 1710 1765 1763 1642 1590 1554 1525 1486 1456 1393 1356 1310 1282 1263 1250 1229 1215 1198 1177 1118 1045 997 946 899 906 894 863 858 863 817 640 620 614 616 646 720 869 948
1348 1406 1468 1534 1599 1661 1637 1608 1590 1519 1445 1380 1320 1259 1191 1130 1062 1016 1005 984 948 914 881 826 810 852 908 965 1018 1063 1101 1136 1170 1204 1236 1269 1298 1313 1328 1355 1392 1423 1452 1493 1534 1579 1628 1676 1736 1792 1710 1605 1556 1524 1485 1470 1439 1391 1348 1309 1261 1232 1208 1192 1180 1162 1136 1066 1019 990 963 938 927 920 877 873 886 843 662 622 620 624 643 720 845 919
1396 1445 1503 1560 1621 1689 1705 1672 1616 1539 1469 1410 1349 1292 1219 1152 1095 1083 1086 1063 1021 963 912 857 821 851 901 953 1010 1038 1050 1075 1106 1142 1175 1207 1237 1265 1297 1328 1367 1404 1442 1486 1536 1592 1657 1714 1767 1794 1670 1594 1545 1501 1468 1450 1428 1374 1336 1306 1265 1235 1202 1180 1169 1150 1119 1086 1062 1032 1015 986 958 936 889 885 884 834 689 634 631 636 657 738 818 875
1423 1488 1551 1604 1658 1718 1747 1697 1628 1557 1490 1428 1355 1297 1237 1180 1147 1155 1150 1126 1076 1002 921 874 835 856 890 925 962 986 1005 1037 1066 1090 1120 1153 1206 1259 1316 1348 1377 1421 1462 1505 1561 1613 1674 1727 1790 1761 1652 1594 1532 1479 1450 1430 1399 1361 1336 1323 1303 1275 1239 1211 1193 1187 1172 1152 1115 1076 1061 1034 990 953 904 892 875 816 723 647 640 649 680 739 802 845
1437 1504 1573 1635 1696 1752 1761 1692 1622 1546 1481 1425 1353 1307 1260 1219 1206 1208 1188 1157 1097 1019 927 874 835 851 875 906 938 984 1019 1057 1091 1112 1139 1167 1199 1259 1321 1363 1405 1455 1510 1554 1609 1665 1714 1763 1806 1742 1643 1575 1516 1468 1436 1413 1392 1379 1375 1370 1356 1356 1329 1297 1277 1259 1239 1209 1161 1116 1093 1066 1019 973 920 888 853 798 730 656 652 666 697 728 775 830
1464 1518 1591 1648 1718 1775 1765 1692 1623 1542 1482 1423 1358 1315 1285 1261 1248 1231 1208 1171 1098 1018 939 869 824 836 871 902 939 999 1047 1077 1111 1154 1183 1204 1233 1262 1315 1369 1425 1486 1531 1569 1622 1678 1730 1786 1809 1704 1627 1565 1508 1462 1431 1415 1412 1418 1425 1425 1414 1420 1420 1423 1406 1372 1341 1252 1194 1152 1123 1090 1044 988 928 879 827 776 730 671 663 677 698 715 747 809
